[ 5] Round Differential Trail
========================
R  1: SBOXIN   | 2 0 2 0 0 0 0 0 0 0 0 0 0 0 0 0 
R  1: SBOXOUT  | 1 0 1 0 0 0 0 0 0 0 0 0 0 0 0 0 
R  1: DIFFOUT  | 0 0 0 0 0 0 0 0 0 1 0 0 0 0 0 0 
R  1: PROB     | 2^{-4.0000}
========================
R  2: SBOXIN   | 0 0 0 0 0 0 0 0 0 1 0 0 0 0 0 0 
R  2: SBOXOUT  | 0 0 0 0 0 0 0 0 0 2 0 0 0 0 0 0 
R  2: DIFFOUT  | 0 0 2 0 0 0 0 0 0 0 0 0 0 0 0 0 
R  2: PROB     | 2^{-2.0000}
========================
R  3: SBOXIN   | 0 0 2 0 0 0 0 0 0 0 0 0 0 0 0 0 
R  3: SBOXOUT  | 0 0 1 0 0 0 0 0 0 0 0 0 0 0 0 0 
R  3: DIFFOUT  | 0 0 0 0 0 0 0 0 0 1 0 0 0 0 0 1 
R  3: PROB     | 2^{-2.0000}
========================
R  4: SBOXIN   | 0 0 0 0 0 0 0 0 0 1 0 0 0 0 0 1 
R  4: SBOXOUT  | 0 0 0 0 0 0 0 0 0 2 0 0 0 0 0 2 
R  4: DIFFOUT  | 2 0 2 0 0 0 0 0 0 0 0 2 0 0 2 0 
R  4: PROB     | 2^{-4.0000}
========================
R  5: SBOXIN   | 2 0 2 0 0 0 0 0 0 0 0 2 0 0 2 0 
R  5: SBOXOUT  | 1 0 1 0 0 0 0 0 0 0 0 1 0 0 1 0 
R  5: DIFFOUT  | 0 0 1 0 0 0 0 1 0 1 0 1 1 1 0 0 
R  5: PROB     | 2^{-8.0000}
========================
