[ 3] Round Linear Trail
========================
R  1: SBOXIN   | 0 0 2 0 0 0 0 0 0 0 0 0 0 0 0 0 
R  1: SBOXOUT  | 0 0 1 0 0 0 0 0 0 0 0 0 0 0 0 0 
R  1: DIFFOUT  | 0 0 0 0 0 0 0 0 0 1 0 0 0 0 0 0 
R  1: CORR     | +2^{-1.0000}
========================
R  2: SBOXIN   | 0 0 0 0 0 0 0 0 0 1 0 0 0 0 0 0 
R  2: SBOXOUT  | 0 0 0 0 0 0 0 0 0 2 0 0 0 0 0 0 
R  2: DIFFOUT  | 0 0 2 0 0 0 0 0 0 0 0 0 2 0 0 0 
R  2: CORR     | +2^{-1.0000}
========================
R  3: SBOXIN   | 0 0 2 0 0 0 0 0 0 0 0 0 2 0 0 0 
R  3: SBOXOUT  | 0 0 1 0 0 0 0 0 0 0 0 0 1 0 0 0 
R  3: DIFFOUT  | 1 0 0 0 0 0 0 0 0 1 0 1 0 1 0 0 
R  3: CORR     | +2^{-2.0000}
========================
