[ 3] Round Differential Trail
========================
R  1: SBOXIN   | 00 04 00 00 00 00 00 00 00 00 00 00 00 00 00 00 
R  1: SBOXOUT  | 00 01 00 00 00 00 00 00 00 00 00 00 00 00 00 00 
R  1: DIFFOUT  | 00 00 00 00 00 00 00 00 00 00 01 00 00 00 00 00 
R  1: PROB     | 2^{-2.0000}
========================
R  2: SBOXIN   | 00 00 00 00 00 00 00 00 00 00 01 00 00 00 00 00 
R  2: SBOXOUT  | 00 00 00 00 00 00 00 00 00 00 20 00 00 00 00 00 
R  2: DIFFOUT  | 00 00 20 00 00 00 00 20 20 00 00 00 00 00 00 00 
R  2: PROB     | 2^{-2.0000}
========================
R  3: SBOXIN   | 00 00 20 00 00 00 00 20 20 00 00 00 00 00 00 00 
R  3: SBOXOUT  | 00 00 80 00 00 00 00 80 80 00 00 00 00 00 00 00 
R  3: DIFFOUT  | 80 00 00 00 80 00 00 80 80 00 80 00 00 80 00 80 
R  3: PROB     | 2^{-6.0000}
========================
