[ 5] Round Linear Trail
========================
R  1: SBOXIN   | 04 00 00 04 00 00 00 00 00 00 00 00 00 00 00 00 
R  1: SBOXOUT  | 01 00 00 01 00 00 00 00 00 00 00 00 00 00 00 00 
R  1: DIFFOUT  | 00 00 00 00 00 01 00 00 00 00 00 00 00 00 00 01 
R  1: CORR     | +2^{-2.0000}
========================
R  2: SBOXIN   | 00 00 00 00 00 01 00 00 00 00 00 00 00 00 00 01 
R  2: SBOXOUT  | 00 00 00 00 00 20 00 00 00 00 00 00 00 00 00 20 
R  2: DIFFOUT  | 00 00 00 00 00 00 00 00 00 00 00 00 20 00 20 00 
R  2: CORR     | +2^{-2.0000}
========================
R  3: SBOXIN   | 00 00 00 00 00 00 00 00 00 00 00 00 20 00 20 00 
R  3: SBOXOUT  | 00 00 00 00 00 00 00 00 00 00 00 00 80 00 80 00 
R  3: DIFFOUT  | 00 80 00 00 00 00 80 00 00 00 00 00 00 00 00 00 
R  3: CORR     | +2^{-2.0000}
========================
R  4: SBOXIN   | 00 80 00 00 00 00 80 00 00 00 00 00 00 00 00 00 
R  4: SBOXOUT  | 00 02 00 00 00 00 02 00 00 00 00 00 00 00 00 00 
R  4: DIFFOUT  | 00 00 00 02 02 00 00 00 00 00 02 00 00 00 02 00 
R  4: CORR     | +2^{-2.0000}
========================
R  5: SBOXIN   | 00 00 00 02 02 00 00 00 00 00 02 00 00 00 02 00 
R  5: SBOXOUT  | 00 00 00 08 08 00 00 00 00 00 08 00 00 00 08 00 
R  5: DIFFOUT  | 08 00 08 08 08 00 08 08 08 08 00 08 08 00 00 00 
R  5: CORR     | +2^{-4.0000}
========================
