[ 3] Round Linear Trail
========================
R  1: SBOXIN   | 00 04 00 00 00 00 00 00 00 00 00 00 00 00 00 00 
R  1: SBOXOUT  | 00 01 00 00 00 00 00 00 00 00 00 00 00 00 00 00 
R  1: DIFFOUT  | 00 00 00 00 00 00 00 00 00 00 01 00 00 00 00 00 
R  1: CORR     | +2^{-1.0000}
========================
R  2: SBOXIN   | 00 00 00 00 00 00 00 00 00 00 01 00 00 00 00 00 
R  2: SBOXOUT  | 00 00 00 00 00 00 00 00 00 00 20 00 00 00 00 00 
R  2: DIFFOUT  | 00 00 20 00 00 00 00 20 20 00 00 00 00 00 00 00 
R  2: CORR     | +2^{-1.0000}
========================
R  3: SBOXIN   | 00 00 20 00 00 00 00 20 20 00 00 00 00 00 00 00 
R  3: SBOXOUT  | 00 00 80 00 00 00 00 80 80 00 00 00 00 00 00 00 
R  3: DIFFOUT  | 80 00 00 00 80 00 00 80 80 00 80 00 00 80 00 80 
R  3: CORR     | +2^{-3.0000}
========================
