[ 6] Round Linear Trail
========================
R  1: SBOXIN   | 00 00 00 04 00 04 04 04 00 00 00 00 00 00 00 00 
R  1: SBOXOUT  | 00 00 00 01 00 01 01 01 00 00 00 00 00 00 00 00 
R  1: DIFFOUT  | 01 00 00 01 00 00 00 00 00 00 00 00 00 00 00 00 
R  1: CORR     | +2^{-4.0000}
========================
R  2: SBOXIN   | 01 00 00 01 00 00 00 00 00 00 00 00 00 00 00 00 
R  2: SBOXOUT  | 20 00 00 20 00 00 00 00 00 00 00 00 00 00 00 00 
R  2: DIFFOUT  | 00 00 00 00 00 20 00 00 00 00 00 00 00 00 00 20 
R  2: CORR     | +2^{-2.0000}
========================
R  3: SBOXIN   | 00 00 00 00 00 20 00 00 00 00 00 00 00 00 00 20 
R  3: SBOXOUT  | 00 00 00 00 00 80 00 00 00 00 00 00 00 00 00 80 
R  3: DIFFOUT  | 00 00 00 00 00 00 00 00 00 00 00 00 80 00 80 00 
R  3: CORR     | +2^{-2.0000}
========================
R  4: SBOXIN   | 00 00 00 00 00 00 00 00 00 00 00 00 80 00 80 00 
R  4: SBOXOUT  | 00 00 00 00 00 00 00 00 00 00 00 00 02 00 02 00 
R  4: DIFFOUT  | 00 02 00 00 00 00 02 00 00 00 00 00 00 00 00 00 
R  4: CORR     | +2^{-2.0000}
========================
R  5: SBOXIN   | 00 02 00 00 00 00 02 00 00 00 00 00 00 00 00 00 
R  5: SBOXOUT  | 00 08 00 00 00 00 08 00 00 00 00 00 00 00 00 00 
R  5: DIFFOUT  | 00 00 00 08 08 00 00 00 00 00 08 00 00 00 08 00 
R  5: CORR     | +2^{-2.0000}
========================
R  6: SBOXIN   | 00 00 00 08 08 00 00 00 00 00 08 00 00 00 08 00 
R  6: SBOXOUT  | 00 00 00 10 10 00 00 00 00 00 10 00 00 00 10 00 
R  6: DIFFOUT  | 10 00 10 10 10 00 10 10 10 10 00 10 10 00 00 00 
R  6: CORR     | +2^{-4.0000}
========================
