[30] Round Differential Trail
========================
R  1: SBOXIN   | 0 0 0 7 0 0 0 0 0 0 0 0 0 0 0 7 
R  1: SBOXOUT  | 0 0 0 1 0 0 0 0 0 0 0 0 0 0 0 1 
R  1: DIFFOUT  | 0 0 0 0 0 0 0 0 0 0 0 0 1 0 0 1 
R  1: PROB     | 2^{-4.0000}
========================
R  2: SBOXIN   | 0 0 0 0 0 0 0 0 0 0 0 0 1 0 0 1 
R  2: SBOXOUT  | 0 0 0 0 0 0 0 0 0 0 0 0 9 0 0 9 
R  2: DIFFOUT  | 0 0 0 9 0 0 0 0 0 0 0 0 0 0 0 9 
R  2: PROB     | 2^{-4.0000}
========================
R  3: SBOXIN   | 0 0 0 9 0 0 0 0 0 0 0 0 0 0 0 9 
R  3: SBOXOUT  | 0 0 0 4 0 0 0 0 0 0 0 0 0 0 0 4 
R  3: DIFFOUT  | 0 0 0 0 1 0 0 1 0 0 0 0 0 0 0 0 
R  3: PROB     | 2^{-4.0000}
========================
R  4: SBOXIN   | 0 0 0 0 1 0 0 1 0 0 0 0 0 0 0 0 
R  4: SBOXOUT  | 0 0 0 0 3 0 0 3 0 0 0 0 0 0 0 0 
R  4: DIFFOUT  | 0 0 0 0 0 0 0 0 0 9 0 0 0 9 0 0 
R  4: PROB     | 2^{-4.0000}
========================
R  5: SBOXIN   | 0 0 0 0 0 0 0 0 0 9 0 0 0 9 0 0 
R  5: SBOXOUT  | 0 0 0 0 0 0 0 0 0 4 0 0 0 4 0 0 
R  5: DIFFOUT  | 0 0 0 0 0 0 4 4 0 0 0 0 0 0 0 0 
R  5: PROB     | 2^{-4.0000}
========================
R  6: SBOXIN   | 0 0 0 0 0 0 4 4 0 0 0 0 0 0 0 0 
R  6: SBOXOUT  | 0 0 0 0 0 0 5 5 0 0 0 0 0 0 0 0 
R  6: DIFFOUT  | 0 0 0 0 0 3 0 0 0 0 0 0 0 3 0 0 
R  6: PROB     | 2^{-4.0000}
========================
R  7: SBOXIN   | 0 0 0 0 0 3 0 0 0 0 0 0 0 3 0 0 
R  7: SBOXOUT  | 0 0 0 0 0 1 0 0 0 0 0 0 0 1 0 0 
R  7: DIFFOUT  | 0 0 0 0 0 0 0 0 0 0 0 0 0 4 0 4 
R  7: PROB     | 2^{-6.0000}
========================
R  8: SBOXIN   | 0 0 0 0 0 0 0 0 0 0 0 0 0 4 0 4 
R  8: SBOXOUT  | 0 0 0 0 0 0 0 0 0 0 0 0 0 5 0 5 
R  8: DIFFOUT  | 0 0 0 0 0 0 0 5 0 0 0 0 0 0 0 5 
R  8: PROB     | 2^{-4.0000}
========================
R  9: SBOXIN   | 0 0 0 0 0 0 0 5 0 0 0 0 0 0 0 5 
R  9: SBOXOUT  | 0 0 0 0 0 0 0 1 0 0 0 0 0 0 0 1 
R  9: DIFFOUT  | 0 0 0 0 0 0 0 0 0 0 0 0 0 1 0 1 
R  9: PROB     | 2^{-6.0000}
========================
R 10: SBOXIN   | 0 0 0 0 0 0 0 0 0 0 0 0 0 1 0 1 
R 10: SBOXOUT  | 0 0 0 0 0 0 0 0 0 0 0 0 0 9 0 9 
R 10: DIFFOUT  | 0 0 0 5 0 0 0 0 0 0 0 0 0 0 0 5 
R 10: PROB     | 2^{-4.0000}
========================
R 11: SBOXIN   | 0 0 0 5 0 0 0 0 0 0 0 0 0 0 0 5 
R 11: SBOXOUT  | 0 0 0 1 0 0 0 0 0 0 0 0 0 0 0 1 
R 11: DIFFOUT  | 0 0 0 0 0 0 0 0 0 0 0 0 1 0 0 1 
R 11: PROB     | 2^{-6.0000}
========================
R 12: SBOXIN   | 0 0 0 0 0 0 0 0 0 0 0 0 1 0 0 1 
R 12: SBOXOUT  | 0 0 0 0 0 0 0 0 0 0 0 0 9 0 0 9 
R 12: DIFFOUT  | 0 0 0 9 0 0 0 0 0 0 0 0 0 0 0 9 
R 12: PROB     | 2^{-4.0000}
========================
R 13: SBOXIN   | 0 0 0 9 0 0 0 0 0 0 0 0 0 0 0 9 
R 13: SBOXOUT  | 0 0 0 4 0 0 0 0 0 0 0 0 0 0 0 4 
R 13: DIFFOUT  | 0 0 0 0 1 0 0 1 0 0 0 0 0 0 0 0 
R 13: PROB     | 2^{-4.0000}
========================
R 14: SBOXIN   | 0 0 0 0 1 0 0 1 0 0 0 0 0 0 0 0 
R 14: SBOXOUT  | 0 0 0 0 9 0 0 9 0 0 0 0 0 0 0 0 
R 14: DIFFOUT  | 0 9 0 0 0 0 0 0 0 0 0 0 0 9 0 0 
R 14: PROB     | 2^{-4.0000}
========================
R 15: SBOXIN   | 0 9 0 0 0 0 0 0 0 0 0 0 0 9 0 0 
R 15: SBOXOUT  | 0 4 0 0 0 0 0 0 0 0 0 0 0 4 0 0 
R 15: DIFFOUT  | 0 0 0 0 4 0 0 4 0 0 0 0 0 0 0 0 
R 15: PROB     | 2^{-4.0000}
========================
R 16: SBOXIN   | 0 0 0 0 4 0 0 4 0 0 0 0 0 0 0 0 
R 16: SBOXOUT  | 0 0 0 0 5 0 0 5 0 0 0 0 0 0 0 0 
R 16: DIFFOUT  | 0 0 0 0 0 9 0 0 0 0 0 0 0 9 0 0 
R 16: PROB     | 2^{-4.0000}
========================
R 17: SBOXIN   | 0 0 0 0 0 9 0 0 0 0 0 0 0 9 0 0 
R 17: SBOXOUT  | 0 0 0 0 0 4 0 0 0 0 0 0 0 4 0 0 
R 17: DIFFOUT  | 0 0 0 0 0 4 0 4 0 0 0 0 0 0 0 0 
R 17: PROB     | 2^{-4.0000}
========================
R 18: SBOXIN   | 0 0 0 0 0 4 0 4 0 0 0 0 0 0 0 0 
R 18: SBOXOUT  | 0 0 0 0 0 5 0 5 0 0 0 0 0 0 0 0 
R 18: DIFFOUT  | 0 0 0 0 0 5 0 0 0 0 0 0 0 5 0 0 
R 18: PROB     | 2^{-4.0000}
========================
R 19: SBOXIN   | 0 0 0 0 0 5 0 0 0 0 0 0 0 5 0 0 
R 19: SBOXOUT  | 0 0 0 0 0 1 0 0 0 0 0 0 0 1 0 0 
R 19: DIFFOUT  | 0 0 0 0 0 0 0 0 0 0 0 0 0 4 0 4 
R 19: PROB     | 2^{-6.0000}
========================
R 20: SBOXIN   | 0 0 0 0 0 0 0 0 0 0 0 0 0 4 0 4 
R 20: SBOXOUT  | 0 0 0 0 0 0 0 0 0 0 0 0 0 5 0 5 
R 20: DIFFOUT  | 0 0 0 0 0 0 0 5 0 0 0 0 0 0 0 5 
R 20: PROB     | 2^{-4.0000}
========================
R 21: SBOXIN   | 0 0 0 0 0 0 0 5 0 0 0 0 0 0 0 5 
R 21: SBOXOUT  | 0 0 0 0 0 0 0 1 0 0 0 0 0 0 0 1 
R 21: DIFFOUT  | 0 0 0 0 0 0 0 0 0 0 0 0 0 1 0 1 
R 21: PROB     | 2^{-6.0000}
========================
R 22: SBOXIN   | 0 0 0 0 0 0 0 0 0 0 0 0 0 1 0 1 
R 22: SBOXOUT  | 0 0 0 0 0 0 0 0 0 0 0 0 0 9 0 9 
R 22: DIFFOUT  | 0 0 0 5 0 0 0 0 0 0 0 0 0 0 0 5 
R 22: PROB     | 2^{-4.0000}
========================
R 23: SBOXIN   | 0 0 0 5 0 0 0 0 0 0 0 0 0 0 0 5 
R 23: SBOXOUT  | 0 0 0 1 0 0 0 0 0 0 0 0 0 0 0 1 
R 23: DIFFOUT  | 0 0 0 0 0 0 0 0 0 0 0 0 1 0 0 1 
R 23: PROB     | 2^{-6.0000}
========================
R 24: SBOXIN   | 0 0 0 0 0 0 0 0 0 0 0 0 1 0 0 1 
R 24: SBOXOUT  | 0 0 0 0 0 0 0 0 0 0 0 0 9 0 0 9 
R 24: DIFFOUT  | 0 0 0 9 0 0 0 0 0 0 0 0 0 0 0 9 
R 24: PROB     | 2^{-4.0000}
========================
R 25: SBOXIN   | 0 0 0 9 0 0 0 0 0 0 0 0 0 0 0 9 
R 25: SBOXOUT  | 0 0 0 4 0 0 0 0 0 0 0 0 0 0 0 4 
R 25: DIFFOUT  | 0 0 0 0 1 0 0 1 0 0 0 0 0 0 0 0 
R 25: PROB     | 2^{-4.0000}
========================
R 26: SBOXIN   | 0 0 0 0 1 0 0 1 0 0 0 0 0 0 0 0 
R 26: SBOXOUT  | 0 0 0 0 9 0 0 9 0 0 0 0 0 0 0 0 
R 26: DIFFOUT  | 0 9 0 0 0 0 0 0 0 0 0 0 0 9 0 0 
R 26: PROB     | 2^{-4.0000}
========================
R 27: SBOXIN   | 0 9 0 0 0 0 0 0 0 0 0 0 0 9 0 0 
R 27: SBOXOUT  | 0 4 0 0 0 0 0 0 0 0 0 0 0 4 0 0 
R 27: DIFFOUT  | 0 0 0 0 4 0 0 4 0 0 0 0 0 0 0 0 
R 27: PROB     | 2^{-4.0000}
========================
R 28: SBOXIN   | 0 0 0 0 4 0 0 4 0 0 0 0 0 0 0 0 
R 28: SBOXOUT  | 0 0 0 0 5 0 0 5 0 0 0 0 0 0 0 0 
R 28: DIFFOUT  | 0 0 0 0 0 9 0 0 0 0 0 0 0 9 0 0 
R 28: PROB     | 2^{-4.0000}
========================
R 29: SBOXIN   | 0 0 0 0 0 9 0 0 0 0 0 0 0 9 0 0 
R 29: SBOXOUT  | 0 0 0 0 0 4 0 0 0 0 0 0 0 4 0 0 
R 29: DIFFOUT  | 0 0 0 0 0 4 0 4 0 0 0 0 0 0 0 0 
R 29: PROB     | 2^{-4.0000}
========================
R 30: SBOXIN   | 0 0 0 0 0 4 0 4 0 0 0 0 0 0 0 0 
R 30: SBOXOUT  | 0 0 0 0 0 5 0 5 0 0 0 0 0 0 0 0 
R 30: DIFFOUT  | 0 0 0 0 0 5 0 0 0 0 0 0 0 5 0 0 
R 30: PROB     | 2^{-4.0000}
========================
