[ 6] Round Linear Trail
========================
R  1: SBOXIN   | A 0 0 0 0 0 0 0 0 0 0 0 0 0 0 0 
R  1: SBOXOUT  | 2 0 0 0 0 0 0 0 0 0 0 0 0 0 0 0 
R  1: DIFFOUT  | 0 0 0 0 0 0 0 0 8 0 0 0 0 0 0 0 
R  1: CORR     | +2^{-1.0000}
========================
R  2: SBOXIN   | 0 0 0 0 0 0 0 0 8 0 0 0 0 0 0 0 
R  2: SBOXOUT  | 0 0 0 0 0 0 0 0 2 0 0 0 0 0 0 0 
R  2: DIFFOUT  | 0 0 0 0 0 0 0 0 0 0 8 0 0 0 0 0 
R  2: CORR     | +2^{-2.0000}
========================
R  3: SBOXIN   | 0 0 0 0 0 0 0 0 0 0 8 0 0 0 0 0 
R  3: SBOXOUT  | 0 0 0 0 0 0 0 0 0 0 2 0 0 0 0 0 
R  3: DIFFOUT  | 0 0 0 0 0 0 0 0 0 0 2 0 0 0 0 0 
R  3: CORR     | +2^{-2.0000}
========================
R  4: SBOXIN   | 0 0 0 0 0 0 0 0 0 0 2 0 0 0 0 0 
R  4: SBOXOUT  | 0 0 0 0 0 0 0 0 0 0 2 0 0 0 0 0 
R  4: DIFFOUT  | 0 0 0 0 0 0 0 0 0 0 2 0 0 0 0 0 
R  4: CORR     | +2^{-2.0000}
========================
R  5: SBOXIN   | 0 0 0 0 0 0 0 0 0 0 2 0 0 0 0 0 
R  5: SBOXOUT  | 0 0 0 0 0 0 0 0 0 0 2 0 0 0 0 0 
R  5: DIFFOUT  | 0 0 0 0 0 0 0 0 0 0 2 0 0 0 0 0 
R  5: CORR     | +2^{-2.0000}
========================
R  6: SBOXIN   | 0 0 0 0 0 0 0 0 0 0 2 0 0 0 0 0 
R  6: SBOXOUT  | 0 0 0 0 0 0 0 0 0 0 B 0 0 0 0 0 
R  6: DIFFOUT  | 0 0 2 0 0 0 0 0 0 0 2 0 0 0 2 0 
R  6: CORR     | +2^{-1.0000}
========================
