[ 4] Round Differential Trail
========================
R  1: SBOXIN   | 0 0 0 0 7 0 0 7 0 0 0 0 0 0 0 0 
R  1: SBOXOUT  | 0 0 0 0 1 0 0 1 0 0 0 0 0 0 0 0 
R  1: DIFFOUT  | 0 0 0 0 0 0 0 0 0 0 0 0 0 9 0 0 
R  1: PROB     | 2^{-4.0000}
========================
R  2: SBOXIN   | 0 0 0 0 0 0 0 0 0 0 0 0 0 9 0 0 
R  2: SBOXOUT  | 0 0 0 0 0 0 0 0 0 0 0 0 0 4 0 0 
R  2: DIFFOUT  | 0 0 0 0 0 0 0 4 0 0 0 0 0 0 0 0 
R  2: PROB     | 2^{-2.0000}
========================
R  3: SBOXIN   | 0 0 0 0 0 0 0 4 0 0 0 0 0 0 0 0 
R  3: SBOXOUT  | 0 0 0 0 0 0 0 5 0 0 0 0 0 0 0 0 
R  3: DIFFOUT  | 0 0 0 0 0 1 0 0 0 0 0 0 0 1 0 0 
R  3: PROB     | 2^{-2.0000}
========================
R  4: SBOXIN   | 0 0 0 0 0 1 0 0 0 0 0 0 0 1 0 0 
R  4: SBOXOUT  | 0 0 0 0 0 3 0 0 0 0 0 0 0 3 0 0 
R  4: DIFFOUT  | 0 0 0 0 0 0 0 0 0 4 0 4 0 4 0 4 
R  4: PROB     | 2^{-4.0000}
========================
