[26] Round Linear Trail
========================
R  1: SBOXIN   | A 0 0 0 0 0 0 0 0 0 0 0 0 0 0 0 
R  1: SBOXOUT  | 2 0 0 0 0 0 0 0 0 0 0 0 0 0 0 0 
R  1: DIFFOUT  | 0 0 0 0 0 0 0 0 8 0 0 0 0 0 0 0 
R  1: CORR     | +2^{-1.0000}
========================
R  2: SBOXIN   | 0 0 0 0 0 0 0 0 8 0 0 0 0 0 0 0 
R  2: SBOXOUT  | 0 0 0 0 0 0 0 0 2 0 0 0 0 0 0 0 
R  2: DIFFOUT  | 0 0 0 0 0 0 0 0 0 0 8 0 0 0 0 0 
R  2: CORR     | +2^{-2.0000}
========================
R  3: SBOXIN   | 0 0 0 0 0 0 0 0 0 0 8 0 0 0 0 0 
R  3: SBOXOUT  | 0 0 0 0 0 0 0 0 0 0 2 0 0 0 0 0 
R  3: DIFFOUT  | 0 0 0 0 0 0 0 0 0 0 2 0 0 0 0 0 
R  3: CORR     | +2^{-2.0000}
========================
R  4: SBOXIN   | 0 0 0 0 0 0 0 0 0 0 2 0 0 0 0 0 
R  4: SBOXOUT  | 0 0 0 0 0 0 0 0 0 0 2 0 0 0 0 0 
R  4: DIFFOUT  | 0 0 0 0 0 0 0 0 0 0 2 0 0 0 0 0 
R  4: CORR     | +2^{-2.0000}
========================
R  5: SBOXIN   | 0 0 0 0 0 0 0 0 0 0 2 0 0 0 0 0 
R  5: SBOXOUT  | 0 0 0 0 0 0 0 0 0 0 2 0 0 0 0 0 
R  5: DIFFOUT  | 0 0 0 0 0 0 0 0 0 0 2 0 0 0 0 0 
R  5: CORR     | +2^{-2.0000}
========================
R  6: SBOXIN   | 0 0 0 0 0 0 0 0 0 0 2 0 0 0 0 0 
R  6: SBOXOUT  | 0 0 0 0 0 0 0 0 0 0 2 0 0 0 0 0 
R  6: DIFFOUT  | 0 0 0 0 0 0 0 0 0 0 2 0 0 0 0 0 
R  6: CORR     | +2^{-2.0000}
========================
R  7: SBOXIN   | 0 0 0 0 0 0 0 0 0 0 2 0 0 0 0 0 
R  7: SBOXOUT  | 0 0 0 0 0 0 0 0 0 0 2 0 0 0 0 0 
R  7: DIFFOUT  | 0 0 0 0 0 0 0 0 0 0 2 0 0 0 0 0 
R  7: CORR     | +2^{-2.0000}
========================
R  8: SBOXIN   | 0 0 0 0 0 0 0 0 0 0 2 0 0 0 0 0 
R  8: SBOXOUT  | 0 0 0 0 0 0 0 0 0 0 2 0 0 0 0 0 
R  8: DIFFOUT  | 0 0 0 0 0 0 0 0 0 0 2 0 0 0 0 0 
R  8: CORR     | +2^{-2.0000}
========================
R  9: SBOXIN   | 0 0 0 0 0 0 0 0 0 0 2 0 0 0 0 0 
R  9: SBOXOUT  | 0 0 0 0 0 0 0 0 0 0 2 0 0 0 0 0 
R  9: DIFFOUT  | 0 0 0 0 0 0 0 0 0 0 2 0 0 0 0 0 
R  9: CORR     | +2^{-2.0000}
========================
R 10: SBOXIN   | 0 0 0 0 0 0 0 0 0 0 2 0 0 0 0 0 
R 10: SBOXOUT  | 0 0 0 0 0 0 0 0 0 0 2 0 0 0 0 0 
R 10: DIFFOUT  | 0 0 0 0 0 0 0 0 0 0 2 0 0 0 0 0 
R 10: CORR     | +2^{-2.0000}
========================
R 11: SBOXIN   | 0 0 0 0 0 0 0 0 0 0 2 0 0 0 0 0 
R 11: SBOXOUT  | 0 0 0 0 0 0 0 0 0 0 2 0 0 0 0 0 
R 11: DIFFOUT  | 0 0 0 0 0 0 0 0 0 0 2 0 0 0 0 0 
R 11: CORR     | +2^{-2.0000}
========================
R 12: SBOXIN   | 0 0 0 0 0 0 0 0 0 0 2 0 0 0 0 0 
R 12: SBOXOUT  | 0 0 0 0 0 0 0 0 0 0 2 0 0 0 0 0 
R 12: DIFFOUT  | 0 0 0 0 0 0 0 0 0 0 2 0 0 0 0 0 
R 12: CORR     | +2^{-2.0000}
========================
R 13: SBOXIN   | 0 0 0 0 0 0 0 0 0 0 2 0 0 0 0 0 
R 13: SBOXOUT  | 0 0 0 0 0 0 0 0 0 0 2 0 0 0 0 0 
R 13: DIFFOUT  | 0 0 0 0 0 0 0 0 0 0 2 0 0 0 0 0 
R 13: CORR     | +2^{-2.0000}
========================
R 14: SBOXIN   | 0 0 0 0 0 0 0 0 0 0 2 0 0 0 0 0 
R 14: SBOXOUT  | 0 0 0 0 0 0 0 0 0 0 2 0 0 0 0 0 
R 14: DIFFOUT  | 0 0 0 0 0 0 0 0 0 0 2 0 0 0 0 0 
R 14: CORR     | +2^{-2.0000}
========================
R 15: SBOXIN   | 0 0 0 0 0 0 0 0 0 0 2 0 0 0 0 0 
R 15: SBOXOUT  | 0 0 0 0 0 0 0 0 0 0 2 0 0 0 0 0 
R 15: DIFFOUT  | 0 0 0 0 0 0 0 0 0 0 2 0 0 0 0 0 
R 15: CORR     | +2^{-2.0000}
========================
R 16: SBOXIN   | 0 0 0 0 0 0 0 0 0 0 2 0 0 0 0 0 
R 16: SBOXOUT  | 0 0 0 0 0 0 0 0 0 0 2 0 0 0 0 0 
R 16: DIFFOUT  | 0 0 0 0 0 0 0 0 0 0 2 0 0 0 0 0 
R 16: CORR     | +2^{-2.0000}
========================
R 17: SBOXIN   | 0 0 0 0 0 0 0 0 0 0 2 0 0 0 0 0 
R 17: SBOXOUT  | 0 0 0 0 0 0 0 0 0 0 2 0 0 0 0 0 
R 17: DIFFOUT  | 0 0 0 0 0 0 0 0 0 0 2 0 0 0 0 0 
R 17: CORR     | +2^{-2.0000}
========================
R 18: SBOXIN   | 0 0 0 0 0 0 0 0 0 0 2 0 0 0 0 0 
R 18: SBOXOUT  | 0 0 0 0 0 0 0 0 0 0 2 0 0 0 0 0 
R 18: DIFFOUT  | 0 0 0 0 0 0 0 0 0 0 2 0 0 0 0 0 
R 18: CORR     | +2^{-2.0000}
========================
R 19: SBOXIN   | 0 0 0 0 0 0 0 0 0 0 2 0 0 0 0 0 
R 19: SBOXOUT  | 0 0 0 0 0 0 0 0 0 0 2 0 0 0 0 0 
R 19: DIFFOUT  | 0 0 0 0 0 0 0 0 0 0 2 0 0 0 0 0 
R 19: CORR     | +2^{-2.0000}
========================
R 20: SBOXIN   | 0 0 0 0 0 0 0 0 0 0 2 0 0 0 0 0 
R 20: SBOXOUT  | 0 0 0 0 0 0 0 0 0 0 2 0 0 0 0 0 
R 20: DIFFOUT  | 0 0 0 0 0 0 0 0 0 0 2 0 0 0 0 0 
R 20: CORR     | +2^{-2.0000}
========================
R 21: SBOXIN   | 0 0 0 0 0 0 0 0 0 0 2 0 0 0 0 0 
R 21: SBOXOUT  | 0 0 0 0 0 0 0 0 0 0 2 0 0 0 0 0 
R 21: DIFFOUT  | 0 0 0 0 0 0 0 0 0 0 2 0 0 0 0 0 
R 21: CORR     | +2^{-2.0000}
========================
R 22: SBOXIN   | 0 0 0 0 0 0 0 0 0 0 2 0 0 0 0 0 
R 22: SBOXOUT  | 0 0 0 0 0 0 0 0 0 0 2 0 0 0 0 0 
R 22: DIFFOUT  | 0 0 0 0 0 0 0 0 0 0 2 0 0 0 0 0 
R 22: CORR     | +2^{-2.0000}
========================
R 23: SBOXIN   | 0 0 0 0 0 0 0 0 0 0 2 0 0 0 0 0 
R 23: SBOXOUT  | 0 0 0 0 0 0 0 0 0 0 2 0 0 0 0 0 
R 23: DIFFOUT  | 0 0 0 0 0 0 0 0 0 0 2 0 0 0 0 0 
R 23: CORR     | +2^{-2.0000}
========================
R 24: SBOXIN   | 0 0 0 0 0 0 0 0 0 0 2 0 0 0 0 0 
R 24: SBOXOUT  | 0 0 0 0 0 0 0 0 0 0 2 0 0 0 0 0 
R 24: DIFFOUT  | 0 0 0 0 0 0 0 0 0 0 2 0 0 0 0 0 
R 24: CORR     | +2^{-2.0000}
========================
R 25: SBOXIN   | 0 0 0 0 0 0 0 0 0 0 2 0 0 0 0 0 
R 25: SBOXOUT  | 0 0 0 0 0 0 0 0 0 0 2 0 0 0 0 0 
R 25: DIFFOUT  | 0 0 0 0 0 0 0 0 0 0 2 0 0 0 0 0 
R 25: CORR     | +2^{-2.0000}
========================
R 26: SBOXIN   | 0 0 0 0 0 0 0 0 0 0 2 0 0 0 0 0 
R 26: SBOXOUT  | 0 0 0 0 0 0 0 0 0 0 B 0 0 0 0 0 
R 26: DIFFOUT  | 0 0 2 0 0 0 0 0 0 0 2 0 0 0 2 0 
R 26: CORR     | +2^{-1.0000}
========================
