[ 7] Round Differential Trail
========================
R  1: SBOXIN   | 0 0 0 7 0 0 0 0 0 0 0 0 0 0 0 7 
R  1: SBOXOUT  | 0 0 0 1 0 0 0 0 0 0 0 0 0 0 0 1 
R  1: DIFFOUT  | 0 0 0 0 0 0 0 0 0 0 0 0 1 0 0 1 
R  1: PROB     | 2^{-4.0000}
========================
R  2: SBOXIN   | 0 0 0 0 0 0 0 0 0 0 0 0 1 0 0 1 
R  2: SBOXOUT  | 0 0 0 0 0 0 0 0 0 0 0 0 9 0 0 9 
R  2: DIFFOUT  | 0 0 0 9 0 0 0 0 0 0 0 0 0 0 0 9 
R  2: PROB     | 2^{-4.0000}
========================
R  3: SBOXIN   | 0 0 0 9 0 0 0 0 0 0 0 0 0 0 0 9 
R  3: SBOXOUT  | 0 0 0 4 0 0 0 0 0 0 0 0 0 0 0 4 
R  3: DIFFOUT  | 0 0 0 0 1 0 0 1 0 0 0 0 0 0 0 0 
R  3: PROB     | 2^{-4.0000}
========================
R  4: SBOXIN   | 0 0 0 0 1 0 0 1 0 0 0 0 0 0 0 0 
R  4: SBOXOUT  | 0 0 0 0 3 0 0 3 0 0 0 0 0 0 0 0 
R  4: DIFFOUT  | 0 0 0 0 0 0 0 0 0 9 0 0 0 9 0 0 
R  4: PROB     | 2^{-4.0000}
========================
R  5: SBOXIN   | 0 0 0 0 0 0 0 0 0 9 0 0 0 9 0 0 
R  5: SBOXOUT  | 0 0 0 0 0 0 0 0 0 4 0 0 0 4 0 0 
R  5: DIFFOUT  | 0 0 0 0 0 0 4 4 0 0 0 0 0 0 0 0 
R  5: PROB     | 2^{-4.0000}
========================
R  6: SBOXIN   | 0 0 0 0 0 0 4 4 0 0 0 0 0 0 0 0 
R  6: SBOXOUT  | 0 0 0 0 0 0 5 5 0 0 0 0 0 0 0 0 
R  6: DIFFOUT  | 0 0 0 0 0 3 0 0 0 0 0 0 0 3 0 0 
R  6: PROB     | 2^{-4.0000}
========================
R  7: SBOXIN   | 0 0 0 0 0 3 0 0 0 0 0 0 0 3 0 0 
R  7: SBOXOUT  | 0 0 0 0 0 6 0 0 0 0 0 0 0 6 0 0 
R  7: DIFFOUT  | 0 0 0 0 0 4 0 4 0 4 0 4 0 0 0 0 
R  7: PROB     | 2^{-4.0000}
========================
