[ 3] Round Differential Trail
========================
R  1: SBOXIN   | 0 2 0 0 0 0 0 0 0 0 0 0 0 0 0 0 
R  1: SBOXOUT  | 0 1 0 0 0 0 0 0 0 0 0 0 0 0 0 0 
R  1: DIFFOUT  | 0 0 0 0 0 0 0 0 0 0 1 0 0 0 0 0 
R  1: PROB     | 2^{-2.0000}
========================
R  2: SBOXIN   | 0 0 0 0 0 0 0 0 0 0 1 0 0 0 0 0 
R  2: SBOXOUT  | 0 0 0 0 0 0 0 0 0 0 8 0 0 0 0 0 
R  2: DIFFOUT  | 0 0 8 0 0 0 0 8 8 0 0 0 0 0 0 0 
R  2: PROB     | 2^{-2.0000}
========================
R  3: SBOXIN   | 0 0 8 0 0 0 0 8 8 0 0 0 0 0 0 0 
R  3: SBOXOUT  | 0 0 4 0 0 0 0 4 4 0 0 0 0 0 0 0 
R  3: DIFFOUT  | 4 0 0 0 4 0 0 4 4 0 4 0 0 4 0 4 
R  3: PROB     | 2^{-6.0000}
========================
