[38] Round Linear Trail
========================
R  1: SBOXIN   | A 0 0 0 0 0 0 0 A 0 0 0 0 0 0 0 0 0 0 0 0 0 0 0 0 0 0 0 0 0 0 0 
R  1: SBOXOUT  | 2 0 0 0 0 0 0 0 2 0 0 0 0 0 0 0 0 0 0 0 0 0 0 0 0 0 0 0 0 0 0 0 
R  1: DIFFOUT  | 0 0 0 0 0 0 0 0 2 0 2 0 0 0 0 0 0 0 0 0 0 0 0 0 0 0 0 0 0 0 0 0 
R  1: CORR     | +2^{-2.0000}
========================
R  2: SBOXIN   | 0 0 0 0 0 0 0 0 2 0 2 0 0 0 0 0 0 0 0 0 0 0 0 0 0 0 0 0 0 0 0 0 
R  2: SBOXOUT  | 0 0 0 0 0 0 0 0 A 0 A 0 0 0 0 0 0 0 0 0 0 0 0 0 0 0 0 0 0 0 0 0 
R  2: DIFFOUT  | 0 0 0 0 0 0 0 0 0 0 A 0 0 0 0 0 0 0 0 0 0 0 0 0 0 0 A 0 0 0 0 0 
R  2: CORR     | +2^{-4.0000}
========================
R  3: SBOXIN   | 0 0 0 0 0 0 0 0 0 0 A 0 0 0 0 0 0 0 0 0 0 0 0 0 0 0 A 0 0 0 0 0 
R  3: SBOXOUT  | 0 0 0 0 0 0 0 0 0 0 2 0 0 0 0 0 0 0 0 0 0 0 0 0 0 0 2 0 0 0 0 0 
R  3: DIFFOUT  | 0 0 0 0 0 0 0 0 0 0 0 0 0 0 0 0 0 0 0 0 0 0 0 0 0 0 2 0 0 0 2 0 
R  3: CORR     | +2^{-2.0000}
========================
R  4: SBOXIN   | 0 0 0 0 0 0 0 0 0 0 0 0 0 0 0 0 0 0 0 0 0 0 0 0 0 0 2 0 0 0 2 0 
R  4: SBOXOUT  | 0 0 0 0 0 0 0 0 0 0 0 0 0 0 0 0 0 0 0 0 0 0 0 0 0 0 3 0 0 0 3 0 
R  4: DIFFOUT  | 0 0 0 0 0 0 1 1 0 0 0 0 0 0 0 0 0 0 0 0 0 0 0 0 0 0 0 0 0 0 2 2 
R  4: CORR     | +2^{-2.0000}
========================
R  5: SBOXIN   | 0 0 0 0 0 0 1 1 0 0 0 0 0 0 0 0 0 0 0 0 0 0 0 0 0 0 0 0 0 0 2 2 
R  5: SBOXOUT  | 0 0 0 0 0 0 8 4 0 0 0 0 0 0 0 0 0 0 0 0 0 0 0 0 0 0 0 0 0 0 5 3 
R  5: DIFFOUT  | 0 0 0 0 0 0 0 1 0 C 0 0 0 0 0 0 0 0 0 0 0 0 0 6 0 0 0 0 0 0 0 1 
R  5: CORR     | -2^{-5.0000}
========================
R  6: SBOXIN   | 0 0 0 0 0 0 0 1 0 C 0 0 0 0 0 0 0 0 0 0 0 0 0 6 0 0 0 0 0 0 0 1 
R  6: SBOXOUT  | 0 0 0 0 0 0 0 8 0 2 0 0 0 0 0 0 0 0 0 0 0 0 0 8 0 0 0 0 0 0 0 8 
R  6: DIFFOUT  | 0 8 2 0 0 8 0 8 0 0 0 0 0 0 0 0 0 0 0 0 0 0 0 0 0 0 0 0 0 0 0 0 
R  6: CORR     | -2^{-5.0000}
========================
R  7: SBOXIN   | 0 8 2 0 0 8 0 8 0 0 0 0 0 0 0 0 0 0 0 0 0 0 0 0 0 0 0 0 0 0 0 0 
R  7: SBOXOUT  | 0 5 A 0 0 5 0 5 0 0 0 0 0 0 0 0 0 0 0 0 0 0 0 0 0 0 0 0 0 0 0 0 
R  7: DIFFOUT  | 0 0 0 0 0 0 0 0 9 5 0 0 0 0 0 0 0 0 0 0 0 0 0 0 6 5 0 0 0 0 0 0 
R  7: CORR     | -2^{-5.0000}
========================
R  8: SBOXIN   | 0 0 0 0 0 0 0 0 9 5 0 0 0 0 0 0 0 0 0 0 0 0 0 0 6 5 0 0 0 0 0 0 
R  8: SBOXOUT  | 0 0 0 0 0 0 0 0 8 4 0 0 0 0 0 0 0 0 0 0 0 0 0 0 8 4 0 0 0 0 0 0 
R  8: DIFFOUT  | 0 0 0 0 0 0 0 0 0 0 0 0 0 0 0 0 0 0 0 0 0 0 0 0 0 0 C 0 0 0 C 0 
R  8: CORR     | -2^{-7.0000}
========================
R  9: SBOXIN   | 0 0 0 0 0 0 0 0 0 0 0 0 0 0 0 0 0 0 0 0 0 0 0 0 0 0 C 0 0 0 C 0 
R  9: SBOXOUT  | 0 0 0 0 0 0 0 0 0 0 0 0 0 0 0 0 0 0 0 0 0 0 0 0 0 0 1 0 0 0 1 0 
R  9: DIFFOUT  | 0 0 0 0 0 0 1 1 0 0 0 0 0 0 0 0 0 0 0 0 0 0 0 0 0 0 0 0 0 0 0 0 
R  9: CORR     | +2^{-2.0000}
========================
R 10: SBOXIN   | 0 0 0 0 0 0 1 1 0 0 0 0 0 0 0 0 0 0 0 0 0 0 0 0 0 0 0 0 0 0 0 0 
R 10: SBOXOUT  | 0 0 0 0 0 0 8 4 0 0 0 0 0 0 0 0 0 0 0 0 0 0 0 0 0 0 0 0 0 0 0 0 
R 10: DIFFOUT  | 0 0 0 0 0 0 0 0 0 C 0 0 0 0 0 0 0 0 0 0 0 0 0 0 0 0 0 0 0 0 0 0 
R 10: CORR     | +2^{-3.0000}
========================
R 11: SBOXIN   | 0 0 0 0 0 0 0 0 0 C 0 0 0 0 0 0 0 0 0 0 0 0 0 0 0 0 0 0 0 0 0 0 
R 11: SBOXOUT  | 0 0 0 0 0 0 0 0 0 1 0 0 0 0 0 0 0 0 0 0 0 0 0 0 0 0 0 0 0 0 0 0 
R 11: DIFFOUT  | 0 0 0 0 0 0 0 0 0 0 1 0 0 0 0 0 0 0 0 0 0 0 0 0 0 0 0 0 0 0 0 0 
R 11: CORR     | +2^{-1.0000}
========================
R 12: SBOXIN   | 0 0 0 0 0 0 0 0 0 0 1 0 0 0 0 0 0 0 0 0 0 0 0 0 0 0 0 0 0 0 0 0 
R 12: SBOXOUT  | 0 0 0 0 0 0 0 0 0 0 8 0 0 0 0 0 0 0 0 0 0 0 0 0 0 0 0 0 0 0 0 0 
R 12: DIFFOUT  | 0 0 0 0 0 0 0 0 0 0 8 0 0 0 0 0 0 0 0 0 0 0 0 0 0 0 0 0 0 0 0 0 
R 12: CORR     | +2^{-1.0000}
========================
R 13: SBOXIN   | 0 0 0 0 0 0 0 0 0 0 8 0 0 0 0 0 0 0 0 0 0 0 0 0 0 0 0 0 0 0 0 0 
R 13: SBOXOUT  | 0 0 0 0 0 0 0 0 0 0 5 0 0 0 0 0 0 0 0 0 0 0 0 0 0 0 0 0 0 0 0 0 
R 13: DIFFOUT  | 0 0 1 0 0 0 0 0 0 0 0 0 0 0 0 0 0 0 4 0 0 0 0 0 0 0 0 0 0 0 0 0 
R 13: CORR     | -2^{-1.0000}
========================
R 14: SBOXIN   | 0 0 1 0 0 0 0 0 0 0 0 0 0 0 0 0 0 0 4 0 0 0 0 0 0 0 0 0 0 0 0 0 
R 14: SBOXOUT  | 0 0 4 0 0 0 0 0 0 0 0 0 0 0 0 0 0 0 6 0 0 0 0 0 0 0 0 0 0 0 0 0 
R 14: DIFFOUT  | 0 0 0 0 0 0 0 0 0 0 0 0 0 0 0 0 4 0 0 0 4 0 0 0 0 0 0 0 2 0 0 0 
R 14: CORR     | -2^{-3.0000}
========================
R 15: SBOXIN   | 0 0 0 0 0 0 0 0 0 0 0 0 0 0 0 0 4 0 0 0 4 0 0 0 0 0 0 0 2 0 0 0 
R 15: SBOXOUT  | 0 0 0 0 0 0 0 0 0 0 0 0 0 0 0 0 7 0 0 0 6 0 0 0 0 0 0 0 3 0 0 0 
R 15: DIFFOUT  | 0 0 0 0 4 4 0 0 0 0 0 0 2 2 0 2 0 0 0 0 1 0 0 1 0 0 0 0 0 0 0 0 
R 15: CORR     | -2^{-3.0000}
========================
R 16: SBOXIN   | 0 0 0 0 4 4 0 0 0 0 0 0 2 2 0 2 0 0 0 0 1 0 0 1 0 0 0 0 0 0 0 0 
R 16: SBOXOUT  | 0 0 0 0 E 6 0 0 0 0 0 0 E 3 0 5 0 0 0 0 4 0 0 8 0 0 0 0 0 0 0 0 
R 16: DIFFOUT  | 0 6 0 6 0 C 0 0 0 2 0 7 0 0 0 0 0 0 0 0 0 0 0 0 0 C 0 9 0 0 0 0 
R 16: CORR     | +2^{-9.0000}
========================
R 17: SBOXIN   | 0 6 0 6 0 C 0 0 0 2 0 7 0 0 0 0 0 0 0 0 0 0 0 0 0 C 0 9 0 0 0 0 
R 17: SBOXOUT  | 0 3 0 4 0 2 0 0 0 3 0 C 0 0 0 0 0 0 0 0 0 0 0 0 0 2 0 8 0 0 0 0 
R 17: DIFFOUT  | 2 2 A 0 0 0 A 0 5 0 5 0 0 0 0 0 0 0 0 0 0 0 0 0 0 0 0 0 0 0 0 0 
R 17: CORR     | +2^{-7.0000}
========================
R 18: SBOXIN   | 2 2 A 0 0 0 A 0 5 0 5 0 0 0 0 0 0 0 0 0 0 0 0 0 0 0 0 0 0 0 0 0 
R 18: SBOXOUT  | 8 5 2 0 0 0 2 0 A 0 A 0 0 0 0 0 0 0 0 0 0 0 0 0 0 0 0 0 0 0 0 0 
R 18: DIFFOUT  | 0 0 0 0 0 0 0 0 1 0 A 0 0 0 0 0 0 0 0 0 0 0 0 0 E 2 A 0 0 0 0 0 
R 18: CORR     | +2^{-7.0000}
========================
R 19: SBOXIN   | 0 0 0 0 0 0 0 0 1 0 A 0 0 0 0 0 0 0 0 0 0 0 0 0 E 2 A 0 0 0 0 0 
R 19: SBOXOUT  | 0 0 0 0 0 0 0 0 8 0 2 0 0 0 0 0 0 0 0 0 0 0 0 0 8 8 6 0 0 0 0 0 
R 19: DIFFOUT  | 0 0 0 0 0 0 0 0 0 0 0 0 0 0 0 0 0 0 0 0 0 0 C 0 0 0 A 0 0 0 A 0 
R 19: CORR     | -2^{-7.0000}
========================
R 20: SBOXIN   | 0 0 0 0 0 0 0 0 0 0 0 0 0 0 0 0 0 0 0 0 0 0 C 0 0 0 A 0 0 0 A 0 
R 20: SBOXOUT  | 0 0 0 0 0 0 0 0 0 0 0 0 0 0 0 0 0 0 0 0 0 0 2 0 0 0 2 0 0 0 2 0 
R 20: DIFFOUT  | 0 0 0 0 0 0 0 0 0 0 0 0 0 0 0 0 0 0 0 0 0 0 0 0 0 0 0 0 0 2 2 2 
R 20: CORR     | +2^{-3.0000}
========================
R 21: SBOXIN   | 0 0 0 0 0 0 0 0 0 0 0 0 0 0 0 0 0 0 0 0 0 0 0 0 0 0 0 0 0 2 2 2 
R 21: SBOXOUT  | 0 0 0 0 0 0 0 0 0 0 0 0 0 0 0 0 0 0 0 0 0 0 0 0 0 0 0 0 0 3 8 C 
R 21: DIFFOUT  | 0 0 0 0 0 0 0 A 0 0 0 0 0 0 0 D 0 0 0 0 0 0 0 0 0 0 0 0 0 0 0 0 
R 21: CORR     | -2^{-5.0000}
========================
R 22: SBOXIN   | 0 0 0 0 0 0 0 A 0 0 0 0 0 0 0 D 0 0 0 0 0 0 0 0 0 0 0 0 0 0 0 0 
R 22: SBOXOUT  | 0 0 0 0 0 0 0 2 0 0 0 0 0 0 0 2 0 0 0 0 0 0 0 0 0 0 0 0 0 0 0 0 
R 22: DIFFOUT  | 0 0 0 0 0 0 0 0 0 0 0 0 0 0 0 0 0 2 0 2 0 0 0 0 0 0 0 0 0 0 0 0 
R 22: CORR     | -2^{-2.0000}
========================
R 23: SBOXIN   | 0 0 0 0 0 0 0 0 0 0 0 0 0 0 0 0 0 2 0 2 0 0 0 0 0 0 0 0 0 0 0 0 
R 23: SBOXOUT  | 0 0 0 0 0 0 0 0 0 0 0 0 0 0 0 0 0 A 0 A 0 0 0 0 0 0 0 0 0 0 0 0 
R 23: DIFFOUT  | 0 0 0 0 A 0 0 0 0 0 0 0 0 0 0 0 0 0 0 0 A 0 0 0 0 0 0 0 0 0 0 0 
R 23: CORR     | +2^{-4.0000}
========================
R 24: SBOXIN   | 0 0 0 0 A 0 0 0 0 0 0 0 0 0 0 0 0 0 0 0 A 0 0 0 0 0 0 0 0 0 0 0 
R 24: SBOXOUT  | 0 0 0 0 2 0 0 0 0 0 0 0 0 0 0 0 0 0 0 0 2 0 0 0 0 0 0 0 0 0 0 0 
R 24: DIFFOUT  | 0 0 0 0 0 0 0 0 0 2 0 0 0 2 0 0 0 0 0 0 0 0 0 0 0 0 0 0 0 0 0 0 
R 24: CORR     | +2^{-2.0000}
========================
R 25: SBOXIN   | 0 0 0 0 0 0 0 0 0 2 0 0 0 2 0 0 0 0 0 0 0 0 0 0 0 0 0 0 0 0 0 0 
R 25: SBOXOUT  | 0 0 0 0 0 0 0 0 0 3 0 0 0 3 0 0 0 0 0 0 0 0 0 0 0 0 0 0 0 0 0 0 
R 25: DIFFOUT  | 0 0 2 2 0 0 0 0 0 0 1 1 0 0 0 0 0 0 0 0 0 0 0 0 0 0 0 0 0 0 0 0 
R 25: CORR     | +2^{-2.0000}
========================
R 26: SBOXIN   | 0 0 2 2 0 0 0 0 0 0 1 1 0 0 0 0 0 0 0 0 0 0 0 0 0 0 0 0 0 0 0 0 
R 26: SBOXOUT  | 0 0 8 8 0 0 0 0 0 0 8 8 0 0 0 0 0 0 0 0 0 0 0 0 0 0 0 0 0 0 0 0 
R 26: DIFFOUT  | 8 0 8 0 0 0 0 0 8 0 8 0 0 0 0 0 0 0 0 0 0 0 0 0 0 0 0 0 0 0 0 0 
R 26: CORR     | +2^{-6.0000}
========================
R 27: SBOXIN   | 8 0 8 0 0 0 0 0 8 0 8 0 0 0 0 0 0 0 0 0 0 0 0 0 0 0 0 0 0 0 0 0 
R 27: SBOXOUT  | 5 0 5 0 0 0 0 0 5 0 5 0 0 0 0 0 0 0 0 0 0 0 0 0 0 0 0 0 0 0 0 0 
R 27: DIFFOUT  | 5 0 5 0 0 0 0 0 0 0 0 0 0 0 0 0 5 0 5 0 0 0 0 0 0 0 0 0 0 0 0 0 
R 27: CORR     | +2^{-4.0000}
========================
R 28: SBOXIN   | 5 0 5 0 0 0 0 0 0 0 0 0 0 0 0 0 5 0 5 0 0 0 0 0 0 0 0 0 0 0 0 0 
R 28: SBOXOUT  | A 0 A 0 0 0 0 0 0 0 0 0 0 0 0 0 A 0 A 0 0 0 0 0 0 0 0 0 0 0 0 0 
R 28: DIFFOUT  | 0 0 0 0 0 0 0 0 A 0 0 0 A 0 0 0 0 0 0 0 0 0 0 0 A 0 0 0 A 0 0 0 
R 28: CORR     | +2^{-4.0000}
========================
R 29: SBOXIN   | 0 0 0 0 0 0 0 0 A 0 0 0 A 0 0 0 0 0 0 0 0 0 0 0 A 0 0 0 A 0 0 0 
R 29: SBOXOUT  | 0 0 0 0 0 0 0 0 2 0 0 0 2 0 0 0 0 0 0 0 0 0 0 0 2 0 0 0 2 0 0 0 
R 29: DIFFOUT  | 0 0 0 0 0 0 0 0 0 0 2 2 0 0 2 2 0 0 0 0 0 0 0 0 0 0 0 0 0 0 0 0 
R 29: CORR     | +2^{-4.0000}
========================
R 30: SBOXIN   | 0 0 0 0 0 0 0 0 0 0 2 2 0 0 2 2 0 0 0 0 0 0 0 0 0 0 0 0 0 0 0 0 
R 30: SBOXOUT  | 0 0 0 0 0 0 0 0 0 0 5 A 0 0 5 A 0 0 0 0 0 0 0 0 0 0 0 0 0 0 0 0 
R 30: DIFFOUT  | 0 0 9 9 0 0 0 0 0 0 0 0 0 0 0 0 0 0 6 6 0 0 0 0 0 0 0 0 0 0 0 0 
R 30: CORR     | +2^{-6.0000}
========================
R 31: SBOXIN   | 0 0 9 9 0 0 0 0 0 0 0 0 0 0 0 0 0 0 6 6 0 0 0 0 0 0 0 0 0 0 0 0 
R 31: SBOXOUT  | 0 0 8 4 0 0 0 0 0 0 0 0 0 0 0 0 0 0 8 4 0 0 0 0 0 0 0 0 0 0 0 0 
R 31: DIFFOUT  | 0 0 0 0 0 0 0 0 C 0 0 0 C 0 0 0 0 0 0 0 0 0 0 0 0 0 0 0 0 0 0 0 
R 31: CORR     | +2^{-6.0000}
========================
R 32: SBOXIN   | 0 0 0 0 0 0 0 0 C 0 0 0 C 0 0 0 0 0 0 0 0 0 0 0 0 0 0 0 0 0 0 0 
R 32: SBOXOUT  | 0 0 0 0 0 0 0 0 1 0 0 0 1 0 0 0 0 0 0 0 0 0 0 0 0 0 0 0 0 0 0 0 
R 32: DIFFOUT  | 0 0 0 0 0 0 0 0 0 0 0 0 0 0 0 0 0 0 1 1 0 0 0 0 0 0 0 0 0 0 0 0 
R 32: CORR     | +2^{-2.0000}
========================
R 33: SBOXIN   | 0 0 0 0 0 0 0 0 0 0 0 0 0 0 0 0 0 0 1 1 0 0 0 0 0 0 0 0 0 0 0 0 
R 33: SBOXOUT  | 0 0 0 0 0 0 0 0 0 0 0 0 0 0 0 0 0 0 8 4 0 0 0 0 0 0 0 0 0 0 0 0 
R 33: DIFFOUT  | 0 0 0 0 0 0 0 0 0 0 0 0 C 0 0 0 0 0 0 0 0 0 0 0 0 0 0 0 0 0 0 0 
R 33: CORR     | +2^{-3.0000}
========================
R 34: SBOXIN   | 0 0 0 0 0 0 0 0 0 0 0 0 C 0 0 0 0 0 0 0 0 0 0 0 0 0 0 0 0 0 0 0 
R 34: SBOXOUT  | 0 0 0 0 0 0 0 0 0 0 0 0 1 0 0 0 0 0 0 0 0 0 0 0 0 0 0 0 0 0 0 0 
R 34: DIFFOUT  | 0 0 0 0 0 0 0 0 0 0 0 0 0 0 0 0 0 0 0 1 0 0 0 0 0 0 0 0 0 0 0 0 
R 34: CORR     | +2^{-1.0000}
========================
R 35: SBOXIN   | 0 0 0 0 0 0 0 0 0 0 0 0 0 0 0 0 0 0 0 1 0 0 0 0 0 0 0 0 0 0 0 0 
R 35: SBOXOUT  | 0 0 0 0 0 0 0 0 0 0 0 0 0 0 0 0 0 0 0 8 0 0 0 0 0 0 0 0 0 0 0 0 
R 35: DIFFOUT  | 0 0 0 0 8 0 0 0 0 0 0 0 0 0 0 0 0 0 0 0 0 0 0 0 0 0 0 0 0 0 0 0 
R 35: CORR     | +2^{-1.0000}
========================
R 36: SBOXIN   | 0 0 0 0 8 0 0 0 0 0 0 0 0 0 0 0 0 0 0 0 0 0 0 0 0 0 0 0 0 0 0 0 
R 36: SBOXOUT  | 0 0 0 0 5 0 0 0 0 0 0 0 0 0 0 0 0 0 0 0 0 0 0 0 0 0 0 0 0 0 0 0 
R 36: DIFFOUT  | 0 4 0 0 0 0 0 0 0 0 0 0 0 0 0 0 0 1 0 0 0 0 0 0 0 0 0 0 0 0 0 0 
R 36: CORR     | -2^{-1.0000}
========================
R 37: SBOXIN   | 0 4 0 0 0 0 0 0 0 0 0 0 0 0 0 0 0 1 0 0 0 0 0 0 0 0 0 0 0 0 0 0 
R 37: SBOXOUT  | 0 6 0 0 0 0 0 0 0 0 0 0 0 0 0 0 0 8 0 0 0 0 0 0 0 0 0 0 0 0 0 0 
R 37: DIFFOUT  | 2 0 0 0 0 0 0 0 0 0 0 0 0 0 0 0 0 0 0 0 8 0 0 0 4 0 0 0 0 0 0 0 
R 37: CORR     | -2^{-2.0000}
========================
R 38: SBOXIN   | 2 0 0 0 0 0 0 0 0 0 0 0 0 0 0 0 0 0 0 0 8 0 0 0 4 0 0 0 0 0 0 0 
R 38: SBOXOUT  | 3 0 0 0 0 0 0 0 0 0 0 0 0 0 0 0 0 0 0 0 5 0 0 0 6 0 0 0 0 0 0 0 
R 38: DIFFOUT  | 0 0 0 0 0 4 4 0 2 0 0 0 0 0 2 0 1 0 0 0 0 1 0 0 0 0 0 0 0 0 0 0 
R 38: CORR     | -2^{-3.0000}
========================
