[28] Round Linear Trail
========================
R  1: SBOXIN   | C 0 0 0 0 0 0 0 0 0 0 0 C 0 0 0 0 0 0 0 0 0 0 0 0 0 0 0 0 0 0 0 
R  1: SBOXOUT  | 1 0 0 0 0 0 0 0 0 0 0 0 1 0 0 0 0 0 0 0 0 0 0 0 0 0 0 0 0 0 0 0 
R  1: DIFFOUT  | 0 0 0 0 0 0 0 0 0 0 0 0 0 0 0 0 1 0 0 1 0 0 0 0 0 0 0 0 0 0 0 0 
R  1: CORR     | +2^{-2.0000}
========================
R  2: SBOXIN   | 0 0 0 0 0 0 0 0 0 0 0 0 0 0 0 0 1 0 0 1 0 0 0 0 0 0 0 0 0 0 0 0 
R  2: SBOXOUT  | 0 0 0 0 0 0 0 0 0 0 0 0 0 0 0 0 4 0 0 8 0 0 0 0 0 0 0 0 0 0 0 0 
R  2: DIFFOUT  | 0 0 0 0 C 0 0 0 0 0 0 0 0 0 0 0 0 0 0 0 0 0 0 0 0 0 0 0 0 0 0 0 
R  2: CORR     | +2^{-3.0000}
========================
R  3: SBOXIN   | 0 0 0 0 C 0 0 0 0 0 0 0 0 0 0 0 0 0 0 0 0 0 0 0 0 0 0 0 0 0 0 0 
R  3: SBOXOUT  | 0 0 0 0 2 0 0 0 0 0 0 0 0 0 0 0 0 0 0 0 0 0 0 0 0 0 0 0 0 0 0 0 
R  3: DIFFOUT  | 0 0 0 0 0 0 0 0 0 2 0 0 0 0 0 0 0 0 0 0 0 0 0 0 0 0 0 0 0 0 0 0 
R  3: CORR     | +2^{-1.0000}
========================
R  4: SBOXIN   | 0 0 0 0 0 0 0 0 0 2 0 0 0 0 0 0 0 0 0 0 0 0 0 0 0 0 0 0 0 0 0 0 
R  4: SBOXOUT  | 0 0 0 0 0 0 0 0 0 3 0 0 0 0 0 0 0 0 0 0 0 0 0 0 0 0 0 0 0 0 0 0 
R  4: DIFFOUT  | 0 0 2 0 0 0 0 0 0 0 1 0 0 0 0 0 0 0 0 0 0 0 0 0 0 0 0 0 0 0 0 0 
R  4: CORR     | -2^{-1.0000}
========================
R  5: SBOXIN   | 0 0 2 0 0 0 0 0 0 0 1 0 0 0 0 0 0 0 0 0 0 0 0 0 0 0 0 0 0 0 0 0 
R  5: SBOXOUT  | 0 0 8 0 0 0 0 0 0 0 8 0 0 0 0 0 0 0 0 0 0 0 0 0 0 0 0 0 0 0 0 0 
R  5: DIFFOUT  | 0 0 0 0 0 0 0 0 8 0 8 0 0 0 0 0 0 0 0 0 0 0 0 0 0 0 0 0 0 0 0 0 
R  5: CORR     | +2^{-3.0000}
========================
R  6: SBOXIN   | 0 0 0 0 0 0 0 0 8 0 8 0 0 0 0 0 0 0 0 0 0 0 0 0 0 0 0 0 0 0 0 0 
R  6: SBOXOUT  | 0 0 0 0 0 0 0 0 5 0 5 0 0 0 0 0 0 0 0 0 0 0 0 0 0 0 0 0 0 0 0 0 
R  6: DIFFOUT  | 0 0 5 0 0 0 0 0 0 0 0 0 0 0 0 0 0 0 5 0 0 0 0 0 0 0 0 0 0 0 0 0 
R  6: CORR     | +2^{-2.0000}
========================
R  7: SBOXIN   | 0 0 5 0 0 0 0 0 0 0 0 0 0 0 0 0 0 0 5 0 0 0 0 0 0 0 0 0 0 0 0 0 
R  7: SBOXOUT  | 0 0 4 0 0 0 0 0 0 0 0 0 0 0 0 0 0 0 4 0 0 0 0 0 0 0 0 0 0 0 0 0 
R  7: DIFFOUT  | 0 0 0 0 0 0 0 0 0 0 0 0 0 0 0 0 4 0 0 0 4 0 0 0 0 0 0 0 0 0 0 0 
R  7: CORR     | +2^{-4.0000}
========================
R  8: SBOXIN   | 0 0 0 0 0 0 0 0 0 0 0 0 0 0 0 0 4 0 0 0 4 0 0 0 0 0 0 0 0 0 0 0 
R  8: SBOXOUT  | 0 0 0 0 0 0 0 0 0 0 0 0 0 0 0 0 6 0 0 0 6 0 0 0 0 0 0 0 0 0 0 0 
R  8: DIFFOUT  | 0 0 0 0 4 4 0 0 0 0 0 0 2 2 0 0 0 0 0 0 0 0 0 0 0 0 0 0 0 0 0 0 
R  8: CORR     | +2^{-2.0000}
========================
R  9: SBOXIN   | 0 0 0 0 4 4 0 0 0 0 0 0 2 2 0 0 0 0 0 0 0 0 0 0 0 0 0 0 0 0 0 0 
R  9: SBOXOUT  | 0 0 0 0 E 6 0 0 0 0 0 0 5 A 0 0 0 0 0 0 0 0 0 0 0 0 0 0 0 0 0 0 
R  9: DIFFOUT  | 0 6 0 6 0 0 0 0 0 2 0 0 0 0 0 0 0 0 0 9 0 0 0 0 0 C 0 0 0 0 0 0 
R  9: CORR     | -2^{-5.0000}
========================
R 10: SBOXIN   | 0 6 0 6 0 0 0 0 0 2 0 0 0 0 0 0 0 0 0 9 0 0 0 0 0 C 0 0 0 0 0 0 
R 10: SBOXOUT  | 0 3 0 4 0 0 0 0 0 3 0 0 0 0 0 0 0 0 0 8 0 0 0 0 0 2 0 0 0 0 0 0 
R 10: DIFFOUT  | 2 0 2 0 8 0 2 0 5 0 1 0 0 0 0 0 0 0 0 0 0 0 0 0 0 0 0 0 0 0 0 0 
R 10: CORR     | +2^{-5.0000}
========================
R 11: SBOXIN   | 2 0 2 0 8 0 2 0 5 0 1 0 0 0 0 0 0 0 0 0 0 0 0 0 0 0 0 0 0 0 0 0 
R 11: SBOXOUT  | 5 0 5 0 5 0 5 0 4 0 4 0 0 0 0 0 0 0 0 0 0 0 0 0 0 0 0 0 0 0 0 0 
R 11: DIFFOUT  | 5 5 4 0 0 0 0 0 0 0 0 0 0 0 0 0 5 5 4 0 0 0 0 0 0 0 0 0 0 0 0 0 
R 11: CORR     | -2^{-8.0000}
========================
R 12: SBOXIN   | 5 5 4 0 0 0 0 0 0 0 0 0 0 0 0 0 5 5 4 0 0 0 0 0 0 0 0 0 0 0 0 0 
R 12: SBOXOUT  | 9 C 6 0 0 0 0 0 0 0 0 0 0 0 0 0 9 C 6 0 0 0 0 0 0 0 0 0 0 0 0 0 
R 12: DIFFOUT  | 0 0 0 0 0 0 0 0 0 0 0 0 0 0 0 0 D 0 0 0 D 0 0 0 E 0 0 0 E 0 0 0 
R 12: CORR     | +2^{-8.0000}
========================
R 13: SBOXIN   | 0 0 0 0 0 0 0 0 0 0 0 0 0 0 0 0 D 0 0 0 D 0 0 0 E 0 0 0 E 0 0 0 
R 13: SBOXOUT  | 0 0 0 0 0 0 0 0 0 0 0 0 0 0 0 0 1 0 0 0 1 0 0 0 1 0 0 0 1 0 0 0 
R 13: DIFFOUT  | 0 0 0 0 0 0 0 0 0 0 0 0 0 0 0 0 0 0 0 0 1 1 1 1 0 0 0 0 0 0 0 0 
R 13: CORR     | +2^{-4.0000}
========================
R 14: SBOXIN   | 0 0 0 0 0 0 0 0 0 0 0 0 0 0 0 0 0 0 0 0 1 1 1 1 0 0 0 0 0 0 0 0 
R 14: SBOXOUT  | 0 0 0 0 0 0 0 0 0 0 0 0 0 0 0 0 0 0 0 0 8 4 8 4 0 0 0 0 0 0 0 0 
R 14: DIFFOUT  | 0 0 0 0 0 0 0 0 0 0 0 0 0 C 0 0 0 0 0 0 0 0 0 0 0 0 0 0 0 C 0 0 
R 14: CORR     | +2^{-6.0000}
========================
R 15: SBOXIN   | 0 0 0 0 0 0 0 0 0 0 0 0 0 C 0 0 0 0 0 0 0 0 0 0 0 0 0 0 0 C 0 0 
R 15: SBOXOUT  | 0 0 0 0 0 0 0 0 0 0 0 0 0 2 0 0 0 0 0 0 0 0 0 0 0 0 0 0 0 2 0 0 
R 15: DIFFOUT  | 0 0 0 2 0 0 0 2 0 0 0 0 0 0 0 0 0 0 0 0 0 0 0 0 0 0 0 0 0 0 0 0 
R 15: CORR     | +2^{-2.0000}
========================
R 16: SBOXIN   | 0 0 0 2 0 0 0 2 0 0 0 0 0 0 0 0 0 0 0 0 0 0 0 0 0 0 0 0 0 0 0 0 
R 16: SBOXOUT  | 0 0 0 3 0 0 0 3 0 0 0 0 0 0 0 0 0 0 0 0 0 0 0 0 0 0 0 0 0 0 0 0 
R 16: DIFFOUT  | 0 0 0 0 0 0 0 0 0 0 0 0 0 0 0 0 2 2 0 0 0 0 0 0 1 1 0 0 0 0 0 0 
R 16: CORR     | +2^{-2.0000}
========================
R 17: SBOXIN   | 0 0 0 0 0 0 0 0 0 0 0 0 0 0 0 0 2 2 0 0 0 0 0 0 1 1 0 0 0 0 0 0 
R 17: SBOXOUT  | 0 0 0 0 0 0 0 0 0 0 0 0 0 0 0 0 8 8 0 0 0 0 0 0 8 8 0 0 0 0 0 0 
R 17: DIFFOUT  | 0 0 0 0 0 0 0 0 0 0 0 0 0 0 0 0 0 0 0 0 8 0 8 0 0 0 0 0 8 0 8 0 
R 17: CORR     | +2^{-6.0000}
========================
R 18: SBOXIN   | 0 0 0 0 0 0 0 0 0 0 0 0 0 0 0 0 0 0 0 0 8 0 8 0 0 0 0 0 8 0 8 0 
R 18: SBOXOUT  | 0 0 0 0 0 0 0 0 0 0 0 0 0 0 0 0 0 0 0 0 5 0 5 0 0 0 0 0 5 0 5 0 
R 18: DIFFOUT  | 0 0 0 0 0 5 0 5 0 0 0 0 0 0 0 0 0 0 0 0 0 5 0 5 0 0 0 0 0 0 0 0 
R 18: CORR     | +2^{-4.0000}
========================
R 19: SBOXIN   | 0 0 0 0 0 5 0 5 0 0 0 0 0 0 0 0 0 0 0 0 0 5 0 5 0 0 0 0 0 0 0 0 
R 19: SBOXOUT  | 0 0 0 0 0 A 0 A 0 0 0 0 0 0 0 0 0 0 0 0 0 A 0 A 0 0 0 0 0 0 0 0 
R 19: DIFFOUT  | 0 A 0 0 0 A 0 0 0 0 0 0 0 0 0 0 0 A 0 0 0 A 0 0 0 0 0 0 0 0 0 0 
R 19: CORR     | +2^{-4.0000}
========================
R 20: SBOXIN   | 0 A 0 0 0 A 0 0 0 0 0 0 0 0 0 0 0 A 0 0 0 A 0 0 0 0 0 0 0 0 0 0 
R 20: SBOXOUT  | 0 2 0 0 0 2 0 0 0 0 0 0 0 0 0 0 0 2 0 0 0 2 0 0 0 0 0 0 0 0 0 0 
R 20: DIFFOUT  | 2 2 0 0 2 2 0 0 0 0 0 0 0 0 0 0 0 0 0 0 0 0 0 0 0 0 0 0 0 0 0 0 
R 20: CORR     | +2^{-4.0000}
========================
R 21: SBOXIN   | 2 2 0 0 2 2 0 0 0 0 0 0 0 0 0 0 0 0 0 0 0 0 0 0 0 0 0 0 0 0 0 0 
R 21: SBOXOUT  | 5 A 0 0 5 A 0 0 0 0 0 0 0 0 0 0 0 0 0 0 0 0 0 0 0 0 0 0 0 0 0 0 
R 21: DIFFOUT  | 6 6 0 0 0 0 0 0 0 0 0 0 0 0 0 0 9 9 0 0 0 0 0 0 0 0 0 0 0 0 0 0 
R 21: CORR     | +2^{-6.0000}
========================
R 22: SBOXIN   | 6 6 0 0 0 0 0 0 0 0 0 0 0 0 0 0 9 9 0 0 0 0 0 0 0 0 0 0 0 0 0 0 
R 22: SBOXOUT  | 8 4 0 0 0 0 0 0 0 0 0 0 0 0 0 0 8 4 0 0 0 0 0 0 0 0 0 0 0 0 0 0 
R 22: DIFFOUT  | 0 0 0 0 0 0 0 0 0 0 0 0 0 0 0 0 0 0 0 0 0 0 0 0 C 0 0 0 C 0 0 0 
R 22: CORR     | +2^{-6.0000}
========================
R 23: SBOXIN   | 0 0 0 0 0 0 0 0 0 0 0 0 0 0 0 0 0 0 0 0 0 0 0 0 C 0 0 0 C 0 0 0 
R 23: SBOXOUT  | 0 0 0 0 0 0 0 0 0 0 0 0 0 0 0 0 0 0 0 0 0 0 0 0 1 0 0 0 1 0 0 0 
R 23: DIFFOUT  | 0 0 0 0 0 0 0 0 0 0 0 0 0 0 0 0 0 0 0 0 0 0 1 1 0 0 0 0 0 0 0 0 
R 23: CORR     | +2^{-2.0000}
========================
R 24: SBOXIN   | 0 0 0 0 0 0 0 0 0 0 0 0 0 0 0 0 0 0 0 0 0 0 1 1 0 0 0 0 0 0 0 0 
R 24: SBOXOUT  | 0 0 0 0 0 0 0 0 0 0 0 0 0 0 0 0 0 0 0 0 0 0 8 4 0 0 0 0 0 0 0 0 
R 24: DIFFOUT  | 0 0 0 0 0 0 0 0 0 0 0 0 0 C 0 0 0 0 0 0 0 0 0 0 0 0 0 0 0 0 0 0 
R 24: CORR     | +2^{-3.0000}
========================
R 25: SBOXIN   | 0 0 0 0 0 0 0 0 0 0 0 0 0 C 0 0 0 0 0 0 0 0 0 0 0 0 0 0 0 0 0 0 
R 25: SBOXOUT  | 0 0 0 0 0 0 0 0 0 0 0 0 0 1 0 0 0 0 0 0 0 0 0 0 0 0 0 0 0 0 0 0 
R 25: DIFFOUT  | 0 0 0 0 0 0 0 0 0 0 0 1 0 0 0 0 0 0 0 0 0 0 0 0 0 0 0 0 0 0 0 0 
R 25: CORR     | +2^{-1.0000}
========================
R 26: SBOXIN   | 0 0 0 0 0 0 0 0 0 0 0 1 0 0 0 0 0 0 0 0 0 0 0 0 0 0 0 0 0 0 0 0 
R 26: SBOXOUT  | 0 0 0 0 0 0 0 0 0 0 0 8 0 0 0 0 0 0 0 0 0 0 0 0 0 0 0 0 0 0 0 0 
R 26: DIFFOUT  | 0 0 8 0 0 0 0 0 0 0 0 0 0 0 0 0 0 0 0 0 0 0 0 0 0 0 0 0 0 0 0 0 
R 26: CORR     | +2^{-1.0000}
========================
R 27: SBOXIN   | 0 0 8 0 0 0 0 0 0 0 0 0 0 0 0 0 0 0 0 0 0 0 0 0 0 0 0 0 0 0 0 0 
R 27: SBOXOUT  | 0 0 5 0 0 0 0 0 0 0 0 0 0 0 0 0 0 0 0 0 0 0 0 0 0 0 0 0 0 0 0 0 
R 27: DIFFOUT  | 1 0 0 0 0 0 0 0 0 0 0 0 0 0 0 0 4 0 0 0 0 0 0 0 0 0 0 0 0 0 0 0 
R 27: CORR     | -2^{-1.0000}
========================
R 28: SBOXIN   | 1 0 0 0 0 0 0 0 0 0 0 0 0 0 0 0 4 0 0 0 0 0 0 0 0 0 0 0 0 0 0 0 
R 28: SBOXOUT  | 8 0 0 0 0 0 0 0 0 0 0 0 0 0 0 0 6 0 0 0 0 0 0 0 0 0 0 0 0 0 0 0 
R 28: DIFFOUT  | 0 0 0 0 4 0 0 0 0 0 0 0 2 0 0 0 0 0 0 0 0 0 0 0 8 0 0 0 0 0 0 0 
R 28: CORR     | -2^{-2.0000}
========================
