[10] Round Differential Trail
========================
R  1: SBOXIN   | 0 0 0 0 0 0 0 0 0 0 0 0 0 0 0 0 0 A 0 0 0 0 0 0 0 0 0 0 0 0 0 0 
R  1: SBOXOUT  | 0 0 0 0 0 0 0 0 0 0 0 0 0 0 0 0 0 1 0 0 0 0 0 0 0 0 0 0 0 0 0 0 
R  1: DIFFOUT  | 0 0 0 0 0 0 0 0 0 0 0 0 1 0 0 0 0 0 0 0 0 0 0 0 0 0 0 0 0 0 0 0 
R  1: PROB     | 2^{-2.0000}
========================
R  2: SBOXIN   | 0 0 0 0 0 0 0 0 0 0 0 0 1 0 0 0 0 0 0 0 0 0 0 0 0 0 0 0 0 0 0 0 
R  2: SBOXOUT  | 0 0 0 0 0 0 0 0 0 0 0 0 8 0 0 0 0 0 0 0 0 0 0 0 0 0 0 0 0 0 0 0 
R  2: DIFFOUT  | 0 0 0 0 0 0 0 0 0 0 0 0 0 0 0 0 0 0 0 0 0 0 0 0 0 0 0 8 0 0 0 0 
R  2: PROB     | 2^{-3.0000}
========================
R  3: SBOXIN   | 0 0 0 0 0 0 0 0 0 0 0 0 0 0 0 0 0 0 0 0 0 0 0 0 0 0 0 8 0 0 0 0 
R  3: SBOXOUT  | 0 0 0 0 0 0 0 0 0 0 0 0 0 0 0 0 0 0 0 0 0 0 0 0 0 0 0 3 0 0 0 0 
R  3: DIFFOUT  | 0 0 0 0 0 0 0 0 0 0 0 0 0 0 0 0 0 0 0 0 0 0 2 0 0 0 0 0 0 0 1 0 
R  3: PROB     | 2^{-2.0000}
========================
R  4: SBOXIN   | 0 0 0 0 0 0 0 0 0 0 0 0 0 0 0 0 0 0 0 0 0 0 2 0 0 0 0 0 0 0 1 0 
R  4: SBOXOUT  | 0 0 0 0 0 0 0 0 0 0 0 0 0 0 0 0 0 0 0 0 0 0 6 0 0 0 0 0 0 0 6 0 
R  4: DIFFOUT  | 0 0 0 0 0 0 0 0 0 0 0 0 0 0 0 0 0 0 0 0 0 4 0 4 0 0 0 0 0 2 0 2 
R  4: PROB     | 2^{-5.0000}
========================
R  5: SBOXIN   | 0 0 0 0 0 0 0 0 0 0 0 0 0 0 0 0 0 0 0 0 0 4 0 4 0 0 0 0 0 2 0 2 
R  5: SBOXOUT  | 0 0 0 0 0 0 0 0 0 0 0 0 0 0 0 0 0 0 0 0 0 5 0 5 0 0 0 0 0 5 0 5 
R  5: DIFFOUT  | 0 0 0 0 0 0 0 0 0 0 0 0 0 5 0 5 0 0 0 0 0 0 0 0 0 0 0 0 0 5 0 5 
R  5: PROB     | 2^{-8.0000}
========================
R  6: SBOXIN   | 0 0 0 0 0 0 0 0 0 0 0 0 0 5 0 5 0 0 0 0 0 0 0 0 0 0 0 0 0 5 0 5 
R  6: SBOXOUT  | 0 0 0 0 0 0 0 0 0 0 0 0 0 2 0 8 0 0 0 0 0 0 0 0 0 0 0 0 0 2 0 8 
R  6: DIFFOUT  | 0 0 0 A 0 0 0 A 0 0 0 0 0 0 0 0 0 0 0 0 0 0 0 0 0 0 0 0 0 0 0 0 
R  6: PROB     | 2^{-12.0000}
========================
R  7: SBOXIN   | 0 0 0 A 0 0 0 A 0 0 0 0 0 0 0 0 0 0 0 0 0 0 0 0 0 0 0 0 0 0 0 0 
R  7: SBOXOUT  | 0 0 0 1 0 0 0 1 0 0 0 0 0 0 0 0 0 0 0 0 0 0 0 0 0 0 0 0 0 0 0 0 
R  7: DIFFOUT  | 0 0 0 0 0 0 0 0 0 0 0 0 0 0 0 0 0 0 0 0 0 0 0 0 1 1 0 0 0 0 0 0 
R  7: PROB     | 2^{-4.0000}
========================
R  8: SBOXIN   | 0 0 0 0 0 0 0 0 0 0 0 0 0 0 0 0 0 0 0 0 0 0 0 0 1 1 0 0 0 0 0 0 
R  8: SBOXOUT  | 0 0 0 0 0 0 0 0 0 0 0 0 0 0 0 0 0 0 0 0 0 0 0 0 C 6 0 0 0 0 0 0 
R  8: DIFFOUT  | 0 0 0 0 0 0 6 0 0 0 0 0 0 0 0 0 0 0 0 0 0 0 0 0 0 0 0 0 0 0 C 0 
R  8: PROB     | 2^{-6.0000}
========================
R  9: SBOXIN   | 0 0 0 0 0 0 6 0 0 0 0 0 0 0 0 0 0 0 0 0 0 0 0 0 0 0 0 0 0 0 C 0 
R  9: SBOXOUT  | 0 0 0 0 0 0 2 0 0 0 0 0 0 0 0 0 0 0 0 0 0 0 0 0 0 0 0 0 0 0 4 0 
R  9: DIFFOUT  | 0 0 0 0 0 0 0 0 0 0 0 0 0 0 0 0 0 0 0 0 0 0 0 4 0 2 0 0 0 0 0 0 
R  9: PROB     | 2^{-4.0000}
========================
R 10: SBOXIN   | 0 0 0 0 0 0 0 0 0 0 0 0 0 0 0 0 0 0 0 0 0 0 0 4 0 2 0 0 0 0 0 0 
R 10: SBOXOUT  | 0 0 0 0 0 0 0 0 0 0 0 0 0 0 0 0 0 0 0 0 0 0 0 7 0 5 0 0 0 0 0 0 
R 10: DIFFOUT  | 0 0 0 0 0 0 0 0 0 0 0 0 0 4 1 0 0 0 0 0 0 2 0 0 0 0 0 0 0 1 4 0 
R 10: PROB     | 2^{-3.4150}
========================
