[ 9] Round Linear Trail
========================
R  1: SBOXIN   | 0 0 C 0 0 A 0 0 6 0 0 0 0 0 0 0 
R  1: SBOXOUT  | 0 0 1 0 0 2 0 0 4 0 0 0 0 0 0 0 
R  1: DIFFOUT  | 1 2 4 0 0 0 0 0 0 0 0 0 0 0 0 0 
R  1: CORR     | -2^{-3.0000}
========================
R  2: SBOXIN   | 1 2 4 0 0 0 0 0 0 0 0 0 0 0 0 0 
R  2: SBOXOUT  | 8 C 6 0 0 0 0 0 0 0 0 0 0 0 0 0 
R  2: DIFFOUT  | 0 0 0 0 0 0 0 0 C 0 0 0 E 0 0 0 
R  2: CORR     | -2^{-4.0000}
========================
R  3: SBOXIN   | 0 0 0 0 0 0 0 0 C 0 0 0 E 0 0 0 
R  3: SBOXOUT  | 0 0 0 0 0 0 0 0 1 0 0 0 1 0 0 0 
R  3: DIFFOUT  | 0 0 0 0 0 0 0 0 0 0 1 1 0 0 0 0 
R  3: CORR     | -2^{-2.0000}
========================
R  4: SBOXIN   | 0 0 0 0 0 0 0 0 0 0 1 1 0 0 0 0 
R  4: SBOXOUT  | 0 0 0 0 0 0 0 0 0 0 8 4 0 0 0 0 
R  4: DIFFOUT  | 0 0 0 0 0 0 C 0 0 0 0 0 0 0 0 0 
R  4: CORR     | +2^{-3.0000}
========================
R  5: SBOXIN   | 0 0 0 0 0 0 C 0 0 0 0 0 0 0 0 0 
R  5: SBOXOUT  | 0 0 0 0 0 0 1 0 0 0 0 0 0 0 0 0 
R  5: DIFFOUT  | 0 1 0 0 0 0 0 0 0 0 0 0 0 0 0 0 
R  5: CORR     | +2^{-1.0000}
========================
R  6: SBOXIN   | 0 1 0 0 0 0 0 0 0 0 0 0 0 0 0 0 
R  6: SBOXOUT  | 0 8 0 0 0 0 0 0 0 0 0 0 0 0 0 0 
R  6: DIFFOUT  | 0 0 0 0 0 0 0 0 8 0 0 0 0 0 0 0 
R  6: CORR     | +2^{-1.0000}
========================
R  7: SBOXIN   | 0 0 0 0 0 0 0 0 8 0 0 0 0 0 0 0 
R  7: SBOXOUT  | 0 0 0 0 0 0 0 0 5 0 0 0 0 0 0 0 
R  7: DIFFOUT  | 0 0 4 0 0 0 0 0 0 0 1 0 0 0 0 0 
R  7: CORR     | -2^{-1.0000}
========================
R  8: SBOXIN   | 0 0 4 0 0 0 0 0 0 0 1 0 0 0 0 0 
R  8: SBOXOUT  | 0 0 6 0 0 0 0 0 0 0 8 0 0 0 0 0 
R  8: DIFFOUT  | 0 0 0 0 0 0 8 0 4 0 0 0 2 0 0 0 
R  8: CORR     | -2^{-2.0000}
========================
R  9: SBOXIN   | 0 0 0 0 0 0 8 0 4 0 0 0 2 0 0 0 
R  9: SBOXOUT  | 0 0 0 0 0 0 5 0 6 0 0 0 3 0 0 0 
R  9: DIFFOUT  | 0 1 4 0 0 0 2 2 0 4 0 1 0 0 0 0 
R  9: CORR     | -2^{-3.0000}
========================
