[16] Round Linear Trail
========================
R  1: SBOXIN   | 5 0 5 0 0 0 0 0 0 0 0 0 0 0 0 0 
R  1: SBOXOUT  | A 0 A 0 0 0 0 0 0 0 0 0 0 0 0 0 
R  1: DIFFOUT  | 0 0 0 0 A 0 0 0 0 0 0 0 A 0 0 0 
R  1: CORR     | +2^{-2.0000}
========================
R  2: SBOXIN   | 0 0 0 0 A 0 0 0 0 0 0 0 A 0 0 0 
R  2: SBOXOUT  | 0 0 0 0 2 0 0 0 0 0 0 0 2 0 0 0 
R  2: DIFFOUT  | 0 0 0 0 0 2 0 2 0 0 0 0 0 0 0 0 
R  2: CORR     | +2^{-2.0000}
========================
R  3: SBOXIN   | 0 0 0 0 0 2 0 2 0 0 0 0 0 0 0 0 
R  3: SBOXOUT  | 0 0 0 0 0 A 0 A 0 0 0 0 0 0 0 0 
R  3: DIFFOUT  | 0 A 0 0 0 0 0 0 0 A 0 0 0 0 0 0 
R  3: CORR     | +2^{-4.0000}
========================
R  4: SBOXIN   | 0 A 0 0 0 0 0 0 0 A 0 0 0 0 0 0 
R  4: SBOXOUT  | 0 2 0 0 0 0 0 0 0 2 0 0 0 0 0 0 
R  4: DIFFOUT  | 2 0 2 0 0 0 0 0 0 0 0 0 0 0 0 0 
R  4: CORR     | +2^{-2.0000}
========================
R  5: SBOXIN   | 2 0 2 0 0 0 0 0 0 0 0 0 0 0 0 0 
R  5: SBOXOUT  | A 0 A 0 0 0 0 0 0 0 0 0 0 0 0 0 
R  5: DIFFOUT  | 0 0 0 0 A 0 0 0 0 0 0 0 A 0 0 0 
R  5: CORR     | +2^{-4.0000}
========================
R  6: SBOXIN   | 0 0 0 0 A 0 0 0 0 0 0 0 A 0 0 0 
R  6: SBOXOUT  | 0 0 0 0 2 0 0 0 0 0 0 0 2 0 0 0 
R  6: DIFFOUT  | 0 0 0 0 0 2 0 2 0 0 0 0 0 0 0 0 
R  6: CORR     | +2^{-2.0000}
========================
R  7: SBOXIN   | 0 0 0 0 0 2 0 2 0 0 0 0 0 0 0 0 
R  7: SBOXOUT  | 0 0 0 0 0 5 0 5 0 0 0 0 0 0 0 0 
R  7: DIFFOUT  | 0 0 0 0 0 5 0 0 0 0 0 0 0 5 0 0 
R  7: CORR     | +2^{-2.0000}
========================
R  8: SBOXIN   | 0 0 0 0 0 5 0 0 0 0 0 0 0 5 0 0 
R  8: SBOXOUT  | 0 0 0 0 0 A 0 0 0 0 0 0 0 A 0 0 
R  8: DIFFOUT  | 0 2 0 2 0 0 0 0 0 8 0 8 0 0 0 0 
R  8: CORR     | +2^{-2.0000}
========================
R  9: SBOXIN   | 0 2 0 2 0 0 0 0 0 8 0 8 0 0 0 0 
R  9: SBOXOUT  | 0 5 0 5 0 0 0 0 0 5 0 5 0 0 0 0 
R  9: DIFFOUT  | 0 0 0 0 5 0 5 0 0 0 0 0 5 0 5 0 
R  9: CORR     | +2^{-4.0000}
========================
R 10: SBOXIN   | 0 0 0 0 5 0 5 0 0 0 0 0 5 0 5 0 
R 10: SBOXOUT  | 0 0 0 0 A 0 A 0 0 0 0 0 A 0 A 0 
R 10: DIFFOUT  | 0 0 0 0 0 A 0 A 0 0 0 0 0 A 0 A 
R 10: CORR     | +2^{-4.0000}
========================
R 11: SBOXIN   | 0 0 0 0 0 A 0 A 0 0 0 0 0 A 0 A 
R 11: SBOXOUT  | 0 0 0 0 0 2 0 8 0 0 0 0 0 2 0 8 
R 11: DIFFOUT  | 0 A 0 A 0 0 0 0 0 0 0 0 0 0 0 0 
R 11: CORR     | +2^{-6.0000}
========================
R 12: SBOXIN   | 0 A 0 A 0 0 0 0 0 0 0 0 0 0 0 0 
R 12: SBOXOUT  | 0 2 0 8 0 0 0 0 0 0 0 0 0 0 0 0 
R 12: DIFFOUT  | A 0 0 0 0 0 0 0 0 0 0 0 0 0 0 0 
R 12: CORR     | +2^{-3.0000}
========================
R 13: SBOXIN   | A 0 0 0 0 0 0 0 0 0 0 0 0 0 0 0 
R 13: SBOXOUT  | 2 0 0 0 0 0 0 0 0 0 0 0 0 0 0 0 
R 13: DIFFOUT  | 0 0 0 0 2 0 0 0 0 0 0 0 0 0 0 0 
R 13: CORR     | -2^{-1.0000}
========================
R 14: SBOXIN   | 0 0 0 0 2 0 0 0 0 0 0 0 0 0 0 0 
R 14: SBOXOUT  | 0 0 0 0 8 0 0 0 0 0 0 0 0 0 0 0 
R 14: DIFFOUT  | 0 0 0 0 0 0 0 0 0 0 0 0 0 8 0 0 
R 14: CORR     | +2^{-2.0000}
========================
R 15: SBOXIN   | 0 0 0 0 0 0 0 0 0 0 0 0 0 8 0 0 
R 15: SBOXOUT  | 0 0 0 0 0 0 0 0 0 0 0 0 0 5 0 0 
R 15: DIFFOUT  | 0 0 0 0 0 0 0 1 0 0 0 0 0 0 0 4 
R 15: CORR     | -2^{-1.0000}
========================
R 16: SBOXIN   | 0 0 0 0 0 0 0 1 0 0 0 0 0 0 0 4 
R 16: SBOXOUT  | 0 0 0 0 0 0 0 8 0 0 0 0 0 0 0 6 
R 16: DIFFOUT  | 0 8 0 0 0 0 0 4 0 0 0 2 0 0 0 0 
R 16: CORR     | -2^{-2.0000}
========================
