[10] Round Differential Trail
========================
R  1: SBOXIN   | 2 0 2 0 0 0 0 0 0 0 0 0 0 0 0 0 
R  1: SBOXOUT  | 5 0 5 0 0 0 0 0 0 0 0 0 0 0 0 0 
R  1: DIFFOUT  | 5 0 0 0 0 0 0 0 5 0 0 0 0 0 0 0 
R  1: PROB     | 2^{-4.0000}
========================
R  2: SBOXIN   | 5 0 0 0 0 0 0 0 5 0 0 0 0 0 0 0 
R  2: SBOXOUT  | 2 0 0 0 0 0 0 0 2 0 0 0 0 0 0 0 
R  2: DIFFOUT  | 0 0 0 0 2 0 2 0 0 0 0 0 0 0 0 0 
R  2: PROB     | 2^{-6.0000}
========================
R  3: SBOXIN   | 0 0 0 0 2 0 2 0 0 0 0 0 0 0 0 0 
R  3: SBOXOUT  | 0 0 0 0 5 0 5 0 0 0 0 0 0 0 0 0 
R  3: DIFFOUT  | 0 5 0 0 0 0 0 0 0 5 0 0 0 0 0 0 
R  3: PROB     | 2^{-4.0000}
========================
R  4: SBOXIN   | 0 5 0 0 0 0 0 0 0 5 0 0 0 0 0 0 
R  4: SBOXOUT  | 0 2 0 0 0 0 0 0 0 2 0 0 0 0 0 0 
R  4: DIFFOUT  | 2 0 2 0 0 0 0 0 0 0 0 0 0 0 0 0 
R  4: PROB     | 2^{-6.0000}
========================
R  5: SBOXIN   | 2 0 2 0 0 0 0 0 0 0 0 0 0 0 0 0 
R  5: SBOXOUT  | 5 0 5 0 0 0 0 0 0 0 0 0 0 0 0 0 
R  5: DIFFOUT  | 5 0 0 0 0 0 0 0 5 0 0 0 0 0 0 0 
R  5: PROB     | 2^{-4.0000}
========================
R  6: SBOXIN   | 5 0 0 0 0 0 0 0 5 0 0 0 0 0 0 0 
R  6: SBOXOUT  | 2 0 0 0 0 0 0 0 2 0 0 0 0 0 0 0 
R  6: DIFFOUT  | 0 0 0 0 2 0 2 0 0 0 0 0 0 0 0 0 
R  6: PROB     | 2^{-6.0000}
========================
R  7: SBOXIN   | 0 0 0 0 2 0 2 0 0 0 0 0 0 0 0 0 
R  7: SBOXOUT  | 0 0 0 0 5 0 5 0 0 0 0 0 0 0 0 0 
R  7: DIFFOUT  | 0 5 0 0 0 0 0 0 0 5 0 0 0 0 0 0 
R  7: PROB     | 2^{-4.0000}
========================
R  8: SBOXIN   | 0 5 0 0 0 0 0 0 0 5 0 0 0 0 0 0 
R  8: SBOXOUT  | 0 2 0 0 0 0 0 0 0 2 0 0 0 0 0 0 
R  8: DIFFOUT  | 2 0 2 0 0 0 0 0 0 0 0 0 0 0 0 0 
R  8: PROB     | 2^{-6.0000}
========================
R  9: SBOXIN   | 2 0 2 0 0 0 0 0 0 0 0 0 0 0 0 0 
R  9: SBOXOUT  | 5 0 5 0 0 0 0 0 0 0 0 0 0 0 0 0 
R  9: DIFFOUT  | 5 0 0 0 0 0 0 0 5 0 0 0 0 0 0 0 
R  9: PROB     | 2^{-4.0000}
========================
R 10: SBOXIN   | 5 0 0 0 0 0 0 0 5 0 0 0 0 0 0 0 
R 10: SBOXOUT  | F 0 0 0 0 0 0 0 F 0 0 0 0 0 0 0 
R 10: DIFFOUT  | 4 0 4 0 2 0 2 0 1 0 1 0 8 0 8 0 
R 10: PROB     | 2^{-4.0000}
========================
